The results are 
[[ -4.45379505e+00  -4.79761306e-01  -8.46586080e-01   4.19219696e-03
   -3.71082391e-01  -7.84848752e-02  -2.41694593e-01  -3.17313114e-02
    5.73652005e-02   7.55781016e-03  -6.29553773e-03  -1.22124533e-15
   -2.12503626e-17  -1.84639630e-16  -8.58688121e-17  -2.16623594e-16
    7.88431820e-16  -1.70382371e-16  -1.44713885e-16  -7.16746889e-18
   -6.22740831e-17  -4.03110593e-17   7.95984699e-17  -1.27492915e-17
    5.83185139e-17   6.64372035e-17  -1.39464428e-19  -2.77555756e-17
   -3.46944695e-17   6.95190433e-16]
 [ -4.45379505e+00  -4.79761306e-01  -8.46586080e-01   4.19219696e-03
   -3.71082391e-01  -7.84848752e-02  -2.41694593e-01  -3.17313114e-02
    5.73652005e-02   7.55781016e-03  -6.29553773e-03  -1.22124533e-15
   -2.12503626e-17  -1.84639630e-16  -8.58688121e-17  -2.16623594e-16
    7.88431820e-16  -1.70382371e-16  -1.44713885e-16  -7.16746889e-18
   -6.22740831e-17  -4.03110593e-17   7.95984699e-17  -1.27492915e-17
    5.83185139e-17   6.64372035e-17  -1.39464428e-19  -2.77555756e-17
   -3.46944695e-17   6.95190433e-16]
 [ -4.45379505e+00  -4.79761306e-01  -8.46586080e-01   4.19219696e-03
   -3.71082391e-01  -7.84848752e-02  -2.41694593e-01  -3.17313114e-02
    5.73652005e-02   7.55781016e-03  -6.29553773e-03  -1.22124533e-15
   -2.12503626e-17  -1.84639630e-16  -8.58688121e-17  -2.16623594e-16
    7.88431820e-16  -1.70382371e-16  -1.44713885e-16  -7.16746889e-18
   -6.22740831e-17  -4.03110593e-17   7.95984699e-17  -1.27492915e-17
    5.83185139e-17   6.64372035e-17  -1.39464428e-19  -2.77555756e-17
   -3.46944695e-17   6.95190433e-16]
 [ -4.05864468e+00   4.34875085e-01   1.09732489e+00   7.08090767e-01
    6.43304138e-01   4.90428757e-01  -9.34386772e-02  -3.16716766e-02
   -4.70462719e-03   1.68014306e-03   6.78384226e-04  -9.43689571e-16
    7.28583860e-17  -9.14199272e-16   1.25680716e-15  -6.67868538e-16
    1.68268177e-16  -1.66099773e-16  -3.03142927e-16   6.45426703e-17
    1.35959381e-17  -5.22309677e-17  -3.40605617e-17   5.44178091e-17
    1.38306696e-16   6.25080565e-17  -1.52623869e-17  -5.55111512e-17
   -5.55111512e-17  -5.16947596e-16]
 [ -4.05864468e+00   4.34875085e-01   1.09732489e+00   7.08090767e-01
    6.43304138e-01   4.90428757e-01  -9.34386772e-02  -3.16716766e-02
   -4.70462719e-03   1.68014306e-03   6.78384226e-04  -9.43689571e-16
    7.28583860e-17  -9.14199272e-16   1.25680716e-15  -6.67868538e-16
    1.68268177e-16  -1.66099773e-16  -3.03142927e-16   6.45426703e-17
    1.35959381e-17  -5.22309677e-17  -3.40605617e-17   5.44178091e-17
    1.38306696e-16   6.25080565e-17  -1.52623869e-17  -5.55111512e-17
   -5.55111512e-17  -5.16947596e-16]
 [ -4.05864468e+00   4.34875085e-01   1.09732489e+00   7.08090767e-01
    6.43304138e-01   4.90428757e-01  -9.34386772e-02  -3.16716766e-02
   -4.70462719e-03   1.68014306e-03   6.78384226e-04  -9.43689571e-16
    7.28583860e-17  -9.14199272e-16   1.25680716e-15  -6.67868538e-16
    1.68268177e-16  -1.66099773e-16  -3.03142927e-16   6.45426703e-17
    1.35959381e-17  -5.22309677e-17  -3.40605617e-17   5.44178091e-17
    1.38306696e-16   6.25080565e-17  -1.52623869e-17  -5.55111512e-17
   -5.55111512e-17  -5.16947596e-16]
 [  4.75009100e+00  -2.57597028e+00   6.00608278e-02   2.45346176e-02
   -7.85001043e-02   5.99832723e-02   1.57416456e-01  -2.22586108e-01
    8.42008844e-02  -9.36303454e-02  -2.46852190e-02  -1.24900090e-15
   -1.21430643e-16   1.03476255e-15  -5.35162192e-16   8.62157568e-16
   -1.56125113e-16  -5.94142791e-17   9.13548751e-16   9.00865978e-17
    3.67189127e-17   4.34692417e-17   1.04684005e-17  -4.74224472e-17
   -2.38153879e-18  -1.82118749e-18   5.44419863e-17   0.00000000e+00
    5.55111512e-17   1.14491749e-16]
 [  4.75009100e+00  -2.57597028e+00   6.00608278e-02   2.45346176e-02
   -7.85001043e-02   5.99832723e-02   1.57416456e-01  -2.22586108e-01
    8.42008844e-02  -9.36303454e-02  -2.46852190e-02  -1.24900090e-15
   -1.21430643e-16   1.03476255e-15  -5.35162192e-16   8.62157568e-16
   -1.56125113e-16  -5.94142791e-17   9.13548751e-16   9.00865978e-17
    3.67189127e-17   4.34692417e-17   1.04684005e-17  -4.74224472e-17
   -2.38153879e-18  -1.82118749e-18   5.44419863e-17   0.00000000e+00
    5.55111512e-17   1.14491749e-16]
 [  5.14475549e+00  -2.65783542e+00   2.34745569e-01   5.39644491e-02
   -5.37398001e-02   2.64740706e-02   3.59824623e-02  -2.23405675e-02
    5.24660394e-02   6.02223950e-02   3.84719945e-02  -1.49880108e-15
   -1.90819582e-16   1.08073273e-15  -6.52256027e-16   6.97358837e-16
   -1.94289029e-16   1.52221985e-16   6.30571984e-16  -1.64551442e-17
    1.00345611e-16   6.44700103e-17   7.57435585e-18   1.21141222e-16
    1.08107233e-16   5.26862144e-17   1.09808604e-16   0.00000000e+00
    5.55111512e-17   2.53269627e-16]
 [  4.44272653e+00  -1.75428509e+00  -4.97975782e-02  -3.54509124e-02
    6.41356672e-01  -6.57208139e-01  -4.32344268e-01   8.30889631e-02
   -1.52050552e-01  -1.04600549e-01   6.22975907e-02  -1.44328993e-15
    1.64798730e-16   5.29090660e-16  -3.96817995e-16   8.82106888e-16
   -3.54750951e-16   1.32055825e-16   5.03178228e-16  -2.57491192e-17
    7.68949921e-18   1.11990269e-16  -2.21421670e-17   6.19369346e-17
   -1.76190213e-18  -5.80647049e-17  -5.98663012e-19   0.00000000e+00
    2.77555756e-17   1.61329283e-16]
 [  5.56269253e+00  -2.28954396e+00   4.17763984e-01   1.15286472e-01
   -1.38329039e-02  -9.40610875e-02  -1.16663629e-01   3.39938802e-02
   -1.57609699e-01   4.37464095e-02  -7.48628538e-02  -1.58206781e-15
    3.81639165e-17   1.09374315e-15  -5.62917768e-16   9.12464548e-16
   -2.25514052e-16   1.66099773e-16   7.87781299e-16  -7.96404344e-17
    2.18697617e-17   5.88509485e-17  -3.45523732e-17  -9.84014949e-17
    5.21059409e-17  -5.48629729e-18   1.09953138e-16   0.00000000e+00
    5.55111512e-17   2.94902991e-16]
 [  5.56269253e+00  -2.28954396e+00   4.17763984e-01   1.15286472e-01
   -1.38329039e-02  -9.40610875e-02  -1.16663629e-01   3.39938802e-02
   -1.57609699e-01   4.37464095e-02  -7.48628538e-02  -1.58206781e-15
    3.81639165e-17   1.09374315e-15  -5.62917768e-16   9.12464548e-16
   -2.25514052e-16   1.66099773e-16   7.87781299e-16  -7.96404344e-17
    2.18697617e-17   5.88509485e-17  -3.45523732e-17  -9.84014949e-17
    5.21059409e-17  -5.48629729e-18   1.09953138e-16   0.00000000e+00
    5.55111512e-17   2.94902991e-16]
 [ -3.88736430e+00  -3.61590606e-01  -6.86032230e-02   9.25213630e-01
    1.31447145e-02  -4.75695481e-01   2.98944611e-01   7.24971864e-02
    4.24325396e-03  -2.14416491e-03  -3.03339462e-03  -9.99200722e-16
   -3.01841885e-16  -2.69749501e-16   3.68195058e-16  -5.07406617e-16
    3.98986399e-16  -1.48752538e-16  -1.06902334e-16  -1.04613339e-16
    7.54200568e-17  -2.89861430e-17  -5.49784932e-17  -5.69308939e-18
    5.64018201e-17   7.96821189e-18  -7.62031740e-19  -8.32667268e-17
   -2.77555756e-17  -6.76542156e-17]
 [ -3.88736430e+00  -3.61590606e-01  -6.86032230e-02   9.25213630e-01
    1.31447145e-02  -4.75695481e-01   2.98944611e-01   7.24971864e-02
    4.24325396e-03  -2.14416491e-03  -3.03339462e-03  -9.99200722e-16
   -3.01841885e-16  -2.69749501e-16   3.68195058e-16  -5.07406617e-16
    3.98986399e-16  -1.48752538e-16  -1.06902334e-16  -1.04613339e-16
    7.54200568e-17  -2.89861430e-17  -5.49784932e-17  -5.69308939e-18
    5.64018201e-17   7.96821189e-18  -7.62031740e-19  -8.32667268e-17
   -2.77555756e-17  -6.76542156e-17]
 [ -3.88736430e+00  -3.61590606e-01  -6.86032230e-02   9.25213630e-01
    1.31447145e-02  -4.75695481e-01   2.98944611e-01   7.24971864e-02
    4.24325396e-03  -2.14416491e-03  -3.03339462e-03  -9.99200722e-16
   -3.01841885e-16  -2.69749501e-16   3.68195058e-16  -5.07406617e-16
    3.98986399e-16  -1.48752538e-16  -1.06902334e-16  -1.04613339e-16
    7.54200568e-17  -2.89861430e-17  -5.49784932e-17  -5.69308939e-18
    5.64018201e-17   7.96821189e-18  -7.62031740e-19  -8.32667268e-17
   -2.77555756e-17  -6.76542156e-17]
 [ -3.53904064e+00   9.12114786e-01   2.14463017e+00  -1.22335298e+00
   -2.35421925e-02  -1.59021341e-01   7.71484354e-02   6.15047842e-03
    6.84649166e-04   7.63405988e-04  -7.10693872e-04  -1.05471187e-15
   -4.09394740e-16  -9.99200722e-16   1.73732556e-15  -9.00321484e-16
    1.96023753e-16  -6.67868538e-17  -2.42427606e-16  -4.80188634e-17
   -8.13882158e-17  -1.48722856e-16  -3.49394714e-17   3.05475500e-17
   -1.56403096e-18   8.89539164e-17   1.20781439e-17   0.00000000e+00
   -1.11022302e-16  -4.61436445e-16]
 [ -3.53904064e+00   9.12114786e-01   2.14463017e+00  -1.22335298e+00
   -2.35421925e-02  -1.59021341e-01   7.71484354e-02   6.15047842e-03
    6.84649166e-04   7.63405988e-04  -7.10693872e-04  -1.05471187e-15
   -4.09394740e-16  -9.99200722e-16   1.73732556e-15  -9.00321484e-16
    1.96023753e-16  -6.67868538e-17  -2.42427606e-16  -4.80188634e-17
   -8.13882158e-17  -1.48722856e-16  -3.49394714e-17   3.05475500e-17
   -1.56403096e-18   8.89539164e-17   1.20781439e-17   0.00000000e+00
   -1.11022302e-16  -4.61436445e-16]
 [ -3.53904064e+00   9.12114786e-01   2.14463017e+00  -1.22335298e+00
   -2.35421925e-02  -1.59021341e-01   7.71484354e-02   6.15047842e-03
    6.84649166e-04   7.63405988e-04  -7.10693872e-04  -1.05471187e-15
   -4.09394740e-16  -9.99200722e-16   1.73732556e-15  -9.00321484e-16
    1.96023753e-16  -6.67868538e-17  -2.42427606e-16  -4.80188634e-17
   -8.13882158e-17  -1.48722856e-16  -3.49394714e-17   3.05475500e-17
   -1.56403096e-18   8.89539164e-17   1.20781439e-17   0.00000000e+00
   -1.11022302e-16  -4.61436445e-16]
 [  3.97367574e+00  -2.22001956e+00  -2.71805670e-01  -3.03275989e-01
   -1.30282052e-01   5.25018859e-01   1.35688602e-02   4.25363276e-01
    1.80095381e-01  -6.48771775e-02  -2.04098567e-02  -1.22124533e-15
   -2.11636264e-16   1.11802928e-15  -7.05598774e-16   7.52002627e-16
   -1.42247325e-16   2.13804668e-16   3.80554963e-16   4.08171911e-17
   -8.80883065e-18   9.74251116e-17   1.65264370e-17   5.92856480e-17
    8.20189410e-17  -5.51993714e-17   2.69935439e-17  -2.77555756e-17
    2.77555756e-17   1.23165367e-16]
 [ -2.51793412e+00  -8.17478697e-01  -1.00547208e-01   1.80462895e-01
   -1.16631187e+00   6.50440298e-01   1.79875390e-01   1.71804550e-02
   -2.87733792e-01  -4.29966159e-02   4.40904703e-02  -7.77156117e-16
   -1.14491749e-16   2.50667542e-16  -3.49980461e-16  -1.39645240e-16
    5.23886490e-16  -2.12503626e-17  -4.79217360e-17   6.36262596e-17
   -4.24318027e-18  -2.54512921e-17   7.99416080e-18  -5.89320199e-17
    2.81330154e-17   6.16418194e-17   2.69935439e-17  -2.77555756e-17
   -2.77555756e-17   1.89084859e-16]
 [ -4.45379505e+00  -4.79761306e-01  -8.46586080e-01   4.19219696e-03
   -3.71082391e-01  -7.84848752e-02  -2.41694593e-01  -3.17313114e-02
    5.73652005e-02   7.55781016e-03  -6.29553773e-03  -1.22124533e-15
   -2.12503626e-17  -1.84639630e-16  -8.58688121e-17  -2.16623594e-16
    7.88431820e-16  -1.70382371e-16  -1.44713885e-16  -7.16746889e-18
   -6.22740831e-17  -4.03110593e-17   7.95984699e-17  -1.27492915e-17
    5.83185139e-17   6.64372035e-17  -1.39464428e-19  -2.77555756e-17
   -3.46944695e-17   6.95190433e-16]
 [  5.14475549e+00  -2.65783542e+00   2.34745569e-01   5.39644491e-02
   -5.37398001e-02   2.64740706e-02   3.59824623e-02  -2.23405675e-02
    5.24660394e-02   6.02223950e-02   3.84719945e-02  -1.49880108e-15
   -1.90819582e-16   1.08073273e-15  -6.52256027e-16   6.97358837e-16
   -1.94289029e-16   1.52221985e-16   6.30571984e-16  -1.64551442e-17
    1.00345611e-16   6.44700103e-17   7.57435585e-18   1.21141222e-16
    1.08107233e-16   5.26862144e-17   1.09808604e-16   0.00000000e+00
    5.55111512e-17   2.53269627e-16]
 [  5.14475549e+00  -2.65783542e+00   2.34745569e-01   5.39644491e-02
   -5.37398001e-02   2.64740706e-02   3.59824623e-02  -2.23405675e-02
    5.24660394e-02   6.02223950e-02   3.84719945e-02  -1.49880108e-15
   -1.90819582e-16   1.08073273e-15  -6.52256027e-16   6.97358837e-16
   -1.94289029e-16   1.52221985e-16   6.30571984e-16  -1.64551442e-17
    1.00345611e-16   6.44700103e-17   7.57435585e-18   1.21141222e-16
    1.08107233e-16   5.26862144e-17   1.09808604e-16   0.00000000e+00
    5.55111512e-17   2.53269627e-16]
 [  5.14475549e+00  -2.65783542e+00   2.34745569e-01   5.39644491e-02
   -5.37398001e-02   2.64740706e-02   3.59824623e-02  -2.23405675e-02
    5.24660394e-02   6.02223950e-02   3.84719945e-02  -1.49880108e-15
   -1.90819582e-16   1.08073273e-15  -6.52256027e-16   6.97358837e-16
   -1.94289029e-16   1.52221985e-16   6.30571984e-16  -1.64551442e-17
    1.00345611e-16   6.44700103e-17   7.57435585e-18   1.21141222e-16
    1.08107233e-16   5.26862144e-17   1.09808604e-16   0.00000000e+00
    5.55111512e-17   2.53269627e-16]
 [ -4.45379505e+00  -4.79761306e-01  -8.46586080e-01   4.19219696e-03
   -3.71082391e-01  -7.84848752e-02  -2.41694593e-01  -3.17313114e-02
    5.73652005e-02   7.55781016e-03  -6.29553773e-03  -1.22124533e-15
   -2.12503626e-17  -1.84639630e-16  -8.58688121e-17  -2.16623594e-16
    7.88431820e-16  -1.70382371e-16  -1.44713885e-16  -7.16746889e-18
   -6.22740831e-17  -4.03110593e-17   7.95984699e-17  -1.27492915e-17
    5.83185139e-17   6.64372035e-17  -1.39464428e-19  -2.77555756e-17
   -3.46944695e-17   6.95190433e-16]
 [ -2.06424360e+00  -4.92207742e-01  -2.89266334e+00  -9.76737233e-01
    6.33808117e-01   1.38657409e-01   1.91565143e-01  -1.41471481e-02
   -6.03663410e-02   1.50515685e-02  -1.24890675e-03  -8.32667268e-16
    3.19189120e-16  -8.67361738e-18   1.35308431e-16  -1.40512602e-16
    2.72351586e-16  -7.80625564e-17  -1.30104261e-17  -3.21353104e-18
   -4.45265923e-17   1.17600895e-17   2.87241203e-17  -2.82905573e-17
    7.17875624e-18   4.39204906e-17  -2.20523890e-16  -5.55111512e-17
   -5.55111512e-17   9.02056208e-17]
 [ -2.06424360e+00  -4.92207742e-01  -2.89266334e+00  -9.76737233e-01
    6.33808117e-01   1.38657409e-01   1.91565143e-01  -1.41471481e-02
   -6.03663410e-02   1.50515685e-02  -1.24890675e-03  -8.32667268e-16
    3.19189120e-16  -8.67361738e-18   1.35308431e-16  -1.40512602e-16
    2.72351586e-16  -7.80625564e-17  -1.30104261e-17  -3.21353104e-18
   -4.45265923e-17   1.17600895e-17   2.87241203e-17  -2.82905573e-17
    7.17875624e-18   4.39204906e-17  -2.20523890e-16  -5.55111512e-17
   -5.55111512e-17   9.02056208e-17]
 [  4.58318470e+00   8.52705924e+00  -3.24759956e-01   1.21807755e-01
   -8.53539318e-02  -2.67263822e-03  -3.05197134e-03  -4.35436023e-03
    9.95976199e-03   8.54097818e-04   8.00859390e-04  -1.33226763e-15
    2.13717932e-15  -6.03683770e-16  -1.25247035e-15   3.95516953e-16
   -4.92661467e-16   1.21430643e-16  -3.93782229e-16   1.29086223e-16
   -1.74745026e-16   1.84812472e-16   1.25358763e-16  -2.07498994e-16
   -1.10720525e-16  -1.53319365e-16   6.91629844e-18   0.00000000e+00
    0.00000000e+00   4.02455846e-16]
 [  4.58318470e+00   8.52705924e+00  -3.24759956e-01   1.21807755e-01
   -8.53539318e-02  -2.67263822e-03  -3.05197134e-03  -4.35436023e-03
    9.95976199e-03   8.54097818e-04   8.00859390e-04  -1.33226763e-15
    2.13717932e-15  -6.03683770e-16  -1.25247035e-15   3.95516953e-16
   -4.92661467e-16   1.21430643e-16  -3.93782229e-16   1.29086223e-16
   -1.74745026e-16   1.84812472e-16   1.25358763e-16  -2.07498994e-16
   -1.10720525e-16  -1.53319365e-16   6.91629844e-18   0.00000000e+00
    0.00000000e+00   4.02455846e-16]
 [  4.58318470e+00   8.52705924e+00  -3.24759956e-01   1.21807755e-01
   -8.53539318e-02  -2.67263822e-03  -3.05197134e-03  -4.35436023e-03
    9.95976199e-03   8.54097818e-04   8.00859390e-04  -1.33226763e-15
    2.13717932e-15  -6.03683770e-16  -1.25247035e-15   3.95516953e-16
   -4.92661467e-16   1.21430643e-16  -3.93782229e-16   1.29086223e-16
   -1.74745026e-16   1.84812472e-16   1.25358763e-16  -2.07498994e-16
   -1.10720525e-16  -1.53319365e-16   6.91629844e-18   0.00000000e+00
    0.00000000e+00   4.02455846e-16]]
The fracs are 
[  6.19781324e-01   3.15454401e-01   4.30254532e-02   1.18665343e-02
   5.07816446e-03   3.00432220e-03   1.08786205e-03   3.51012695e-04
   2.63753155e-04   5.95907321e-05   2.75813621e-05   3.53772264e-32
   6.89032080e-33   6.89032080e-33   6.89032080e-33   6.89032080e-33
   6.89032080e-33   6.89032080e-33   6.89032080e-33   6.89032080e-33
   6.89032080e-33   6.89032080e-33   6.89032080e-33   6.89032080e-33
   6.89032080e-33   6.89032080e-33   6.89032080e-33   6.89032080e-33
   6.89032080e-33   5.90690145e-34]
