The results are 
[[ -4.45379505e+00  -4.79761306e-01  -8.46586083e-01   4.19219890e-03
   -3.71082391e-01  -7.84848738e-02  -2.41694591e-01  -3.17313109e-02
    5.73652017e-02   7.55781026e-03  -6.29553765e-03  -1.62717062e-15
   -2.49800181e-16  -1.45716772e-16  -6.76542156e-16   4.26308294e-16
    2.23779328e-16  -3.33066907e-16  -8.23993651e-17   2.65629532e-17
   -6.68654999e-17   2.74585135e-16   1.46339172e-16   2.90619991e-16
   -5.66494905e-17  -5.53030657e-17   5.54276851e-17   7.62449156e-20
    2.21662517e-16   4.75314232e-16]
 [ -4.45379505e+00  -4.79761306e-01  -8.46586083e-01   4.19219890e-03
   -3.71082391e-01  -7.84848738e-02  -2.41694591e-01  -3.17313109e-02
    5.73652017e-02   7.55781026e-03  -6.29553765e-03  -1.62717062e-15
   -2.49800181e-16  -1.45716772e-16  -6.76542156e-16   4.26308294e-16
    2.23779328e-16  -3.33066907e-16  -8.23993651e-17   2.65629532e-17
   -6.68654999e-17   2.74585135e-16   1.46339172e-16   2.90619991e-16
   -5.66494905e-17  -5.53030657e-17   5.54276851e-17   7.62449156e-20
    2.21662517e-16   4.75314232e-16]
 [ -4.45379505e+00  -4.79761306e-01  -8.46586083e-01   4.19219890e-03
   -3.71082391e-01  -7.84848738e-02  -2.41694591e-01  -3.17313109e-02
    5.73652017e-02   7.55781026e-03  -6.29553765e-03  -1.62717062e-15
   -2.49800181e-16  -1.45716772e-16  -6.76542156e-16   4.26308294e-16
    2.23779328e-16  -3.33066907e-16  -8.23993651e-17   2.65629532e-17
   -6.68654999e-17   2.74585135e-16   1.46339172e-16   2.90619991e-16
   -5.66494905e-17  -5.53030657e-17   5.54276851e-17   7.62449156e-20
    2.21662517e-16   4.75314232e-16]
 [ -4.05864468e+00   4.34875085e-01   1.09732489e+00   7.08090764e-01
    6.43304146e-01   4.90428755e-01  -9.34386752e-02  -3.16716774e-02
   -4.70462571e-03   1.68014333e-03   6.78384555e-04  -7.77156117e-16
    1.11022302e-16   5.55111512e-17  -3.46944695e-16   1.05818132e-16
   -6.93889390e-18   2.63677968e-16  -5.20417043e-17  -1.40512602e-16
   -8.01344245e-17   1.16795129e-16   1.48859407e-17   2.57951469e-16
   -1.13014011e-17  -9.50786473e-17   2.69269257e-17   8.40236843e-17
    1.62740095e-16  -2.91433544e-16]
 [ -4.05864468e+00   4.34875085e-01   1.09732489e+00   7.08090764e-01
    6.43304146e-01   4.90428755e-01  -9.34386752e-02  -3.16716774e-02
   -4.70462571e-03   1.68014333e-03   6.78384555e-04  -7.77156117e-16
    1.11022302e-16   5.55111512e-17  -3.46944695e-16   1.05818132e-16
   -6.93889390e-18   2.63677968e-16  -5.20417043e-17  -1.40512602e-16
   -8.01344245e-17   1.16795129e-16   1.48859407e-17   2.57951469e-16
   -1.13014011e-17  -9.50786473e-17   2.69269257e-17   8.40236843e-17
    1.62740095e-16  -2.91433544e-16]
 [ -4.05864468e+00   4.34875085e-01   1.09732489e+00   7.08090764e-01
    6.43304146e-01   4.90428755e-01  -9.34386752e-02  -3.16716774e-02
   -4.70462571e-03   1.68014333e-03   6.78384555e-04  -7.77156117e-16
    1.11022302e-16   5.55111512e-17  -3.46944695e-16   1.05818132e-16
   -6.93889390e-18   2.63677968e-16  -5.20417043e-17  -1.40512602e-16
   -8.01344245e-17   1.16795129e-16   1.48859407e-17   2.57951469e-16
   -1.13014011e-17  -9.50786473e-17   2.69269257e-17   8.40236843e-17
    1.62740095e-16  -2.91433544e-16]
 [  4.75009100e+00  -2.57597028e+00   6.00608267e-02   2.45346171e-02
   -7.85001032e-02   5.99832729e-02   1.57416458e-01  -2.22586106e-01
    8.42008890e-02  -9.36303435e-02  -2.46852185e-02   3.88578059e-16
   -3.05311332e-16   1.66533454e-16   5.37764278e-16  -3.20923843e-16
   -4.19803081e-16   5.62050406e-16   3.60822483e-16   7.02563008e-17
    7.86604585e-17  -1.47964890e-16  -4.29712518e-17  -3.40419258e-16
    4.67843925e-17   5.71063806e-17  -6.39870059e-19   5.84510275e-19
   -1.13951473e-16   3.88578059e-16]
 [  4.75009100e+00  -2.57597028e+00   6.00608267e-02   2.45346171e-02
   -7.85001032e-02   5.99832729e-02   1.57416458e-01  -2.22586106e-01
    8.42008890e-02  -9.36303435e-02  -2.46852185e-02   3.88578059e-16
   -3.05311332e-16   1.66533454e-16   5.37764278e-16  -3.20923843e-16
   -4.19803081e-16   5.62050406e-16   3.60822483e-16   7.02563008e-17
    7.86604585e-17  -1.47964890e-16  -4.29712518e-17  -3.40419258e-16
    4.67843925e-17   5.71063806e-17  -6.39870059e-19   5.84510275e-19
   -1.13951473e-16   3.88578059e-16]
 [  5.14475549e+00  -2.65783542e+00   2.34745568e-01   5.39644508e-02
   -5.37398029e-02   2.64740693e-02   3.59824634e-02  -2.23405620e-02
    5.24660433e-02   6.02223928e-02   3.84719936e-02   2.77555756e-16
   -2.22044605e-16   2.49800181e-16   7.07767178e-16  -2.65412692e-16
   -6.59194921e-16   4.57966998e-16   4.19803081e-16   9.88792381e-17
   -2.62834186e-17  -1.18974863e-16  -1.06082226e-16  -4.14283278e-16
    7.33602558e-17   1.40588756e-16   5.47847814e-17   5.61746775e-17
   -1.14347448e-16   3.33066907e-16]
 [  4.44272653e+00  -1.75428508e+00  -4.97975808e-02  -3.54509044e-02
    6.41356674e-01  -6.57208146e-01  -4.32344269e-01   8.30889574e-02
   -1.52050553e-01  -1.04600548e-01   6.22975868e-02   1.11022302e-16
    2.49800181e-16   4.02455846e-16   1.14491749e-15   4.54497551e-16
   -2.18575158e-16   6.93889390e-18  -3.15719673e-16   5.72458747e-17
    2.32582663e-17  -2.04944998e-16  -1.54465754e-16  -3.11526582e-16
    1.33891459e-16   1.47710127e-17  -3.58285724e-19  -1.10695015e-16
   -1.12662448e-16   4.92661467e-16]
 [  5.56269253e+00  -2.28954396e+00   4.17763983e-01   1.15286468e-01
   -1.38329012e-02  -9.40610845e-02  -1.16663628e-01   3.39938684e-02
   -1.57609704e-01   4.37464118e-02  -7.48628494e-02   5.82867088e-16
   -5.55111512e-17   3.05311332e-16   8.98586761e-16   3.98986399e-17
   -4.19803081e-16   4.92661467e-16   1.24900090e-16   1.15359111e-16
    6.64344227e-18  -1.39868565e-16  -2.50672434e-16  -2.93238197e-16
    2.13317846e-16  -8.16714975e-17  -1.67173324e-16   1.67117964e-16
   -2.24973775e-16   4.71844785e-16]
 [  5.56269253e+00  -2.28954396e+00   4.17763983e-01   1.15286468e-01
   -1.38329012e-02  -9.40610845e-02  -1.16663628e-01   3.39938684e-02
   -1.57609704e-01   4.37464118e-02  -7.48628494e-02   5.82867088e-16
   -5.55111512e-17   3.05311332e-16   8.98586761e-16   3.98986399e-17
   -4.19803081e-16   4.92661467e-16   1.24900090e-16   1.15359111e-16
    6.64344227e-18  -1.39868565e-16  -2.50672434e-16  -2.93238197e-16
    2.13317846e-16  -8.16714975e-17  -1.67173324e-16   1.67117964e-16
   -2.24973775e-16   4.71844785e-16]
 [ -3.88736430e+00  -3.61590606e-01  -6.86032201e-02   9.25213632e-01
    1.31447068e-02  -4.75695479e-01   2.98944609e-01   7.24971888e-02
    4.24325092e-03  -2.14416526e-03  -3.03339511e-03  -1.47104551e-15
   -2.49800181e-16  -1.80411242e-16  -7.51135265e-16  -5.52509427e-16
    7.28583860e-17  -6.10622664e-16  -1.49186219e-16   1.38777878e-17
    2.45465882e-17   1.18585043e-16   3.71870306e-17   3.60967020e-16
    2.15357055e-17  -5.43741748e-17  -4.56058062e-19   5.59277524e-17
    1.08934579e-16   2.91433544e-16]
 [ -3.88736430e+00  -3.61590606e-01  -6.86032201e-02   9.25213632e-01
    1.31447068e-02  -4.75695479e-01   2.98944609e-01   7.24971888e-02
    4.24325092e-03  -2.14416526e-03  -3.03339511e-03  -1.47104551e-15
   -2.49800181e-16  -1.80411242e-16  -7.51135265e-16  -5.52509427e-16
    7.28583860e-17  -6.10622664e-16  -1.49186219e-16   1.38777878e-17
    2.45465882e-17   1.18585043e-16   3.71870306e-17   3.60967020e-16
    2.15357055e-17  -5.43741748e-17  -4.56058062e-19   5.59277524e-17
    1.08934579e-16   2.91433544e-16]
 [ -3.88736430e+00  -3.61590606e-01  -6.86032201e-02   9.25213632e-01
    1.31447068e-02  -4.75695479e-01   2.98944609e-01   7.24971888e-02
    4.24325092e-03  -2.14416526e-03  -3.03339511e-03  -1.47104551e-15
   -2.49800181e-16  -1.80411242e-16  -7.51135265e-16  -5.52509427e-16
    7.28583860e-17  -6.10622664e-16  -1.49186219e-16   1.38777878e-17
    2.45465882e-17   1.18585043e-16   3.71870306e-17   3.60967020e-16
    2.15357055e-17  -5.43741748e-17  -4.56058062e-19   5.59277524e-17
    1.08934579e-16   2.91433544e-16]
 [ -3.53904064e+00   9.12114783e-01   2.14463017e+00  -1.22335298e+00
   -2.35421950e-02  -1.59021344e-01   7.71484343e-02   6.15047863e-03
    6.84649040e-04   7.63405915e-04  -7.10693766e-04  -1.33226763e-15
    2.77555756e-16  -1.66533454e-16  -3.40005801e-16   8.50014503e-17
   -3.46944695e-17  -6.52256027e-16  -2.49800181e-16   9.36750677e-17
   -9.47690767e-17   1.47346503e-17   3.42076481e-17   4.31744603e-16
   -5.63224518e-17   9.62402193e-18  -7.04659836e-17   5.64950129e-17
    1.61603004e-16   1.11022302e-16]
 [ -3.53904064e+00   9.12114783e-01   2.14463017e+00  -1.22335298e+00
   -2.35421950e-02  -1.59021344e-01   7.71484343e-02   6.15047863e-03
    6.84649040e-04   7.63405915e-04  -7.10693766e-04  -1.33226763e-15
    2.77555756e-16  -1.66533454e-16  -3.40005801e-16   8.50014503e-17
   -3.46944695e-17  -6.52256027e-16  -2.49800181e-16   9.36750677e-17
   -9.47690767e-17   1.47346503e-17   3.42076481e-17   4.31744603e-16
   -5.63224518e-17   9.62402193e-18  -7.04659836e-17   5.64950129e-17
    1.61603004e-16   1.11022302e-16]
 [ -3.53904064e+00   9.12114783e-01   2.14463017e+00  -1.22335298e+00
   -2.35421950e-02  -1.59021344e-01   7.71484343e-02   6.15047863e-03
    6.84649040e-04   7.63405915e-04  -7.10693766e-04  -1.33226763e-15
    2.77555756e-16  -1.66533454e-16  -3.40005801e-16   8.50014503e-17
   -3.46944695e-17  -6.52256027e-16  -2.49800181e-16   9.36750677e-17
   -9.47690767e-17   1.47346503e-17   3.42076481e-17   4.31744603e-16
   -5.63224518e-17   9.62402193e-18  -7.04659836e-17   5.64950129e-17
    1.61603004e-16   1.11022302e-16]
 [  3.97367574e+00  -2.22001956e+00  -2.71805665e-01  -3.03275994e-01
   -1.30282049e-01   5.25018862e-01   1.35688504e-02   4.25363282e-01
    1.80095367e-01  -6.48771774e-02  -2.04098597e-02  -3.05311332e-16
   -4.16333634e-16   2.91433544e-16   3.05311332e-16  -1.91686944e-16
   -1.04083409e-17   8.95117314e-16   3.92047506e-16  -6.93889390e-18
    3.49524527e-17   3.80630956e-17  -1.12091052e-17  -1.55702686e-16
    7.70468567e-17  -8.21297504e-17   2.72995176e-17   4.16601183e-19
   -1.13110026e-16   5.13478149e-16]
 [ -2.51793412e+00  -8.17478696e-01  -1.00547206e-01   1.80462889e-01
   -1.16631187e+00   6.50440305e-01   1.79875383e-01   1.71804458e-02
   -2.87733794e-01  -4.29966160e-02   4.40904693e-02  -1.30451205e-15
   -1.11022302e-16  -4.30211422e-16  -5.75928194e-16  -7.32920669e-16
    1.56125113e-16   4.16333634e-17  -1.07552856e-16  -3.98986399e-17
    4.78567991e-18   1.07526135e-16   1.24595615e-16   1.65086036e-16
    7.70468567e-17   1.13697646e-18  -4.56058062e-19   1.11438904e-16
    1.64445730e-16   1.24900090e-16]
 [ -4.45379505e+00  -4.79761306e-01  -8.46586083e-01   4.19219890e-03
   -3.71082391e-01  -7.84848738e-02  -2.41694591e-01  -3.17313109e-02
    5.73652017e-02   7.55781026e-03  -6.29553765e-03  -1.62717062e-15
   -2.49800181e-16  -1.45716772e-16  -6.76542156e-16   4.26308294e-16
    2.23779328e-16  -3.33066907e-16  -8.23993651e-17   2.65629532e-17
   -6.68654999e-17   2.74585135e-16   1.46339172e-16   2.90619991e-16
   -5.66494905e-17  -5.53030657e-17   5.54276851e-17   7.62449156e-20
    2.21662517e-16   4.75314232e-16]
 [  5.14475549e+00  -2.65783542e+00   2.34745568e-01   5.39644508e-02
   -5.37398029e-02   2.64740693e-02   3.59824634e-02  -2.23405620e-02
    5.24660433e-02   6.02223928e-02   3.84719936e-02   2.77555756e-16
   -2.22044605e-16   2.49800181e-16   7.07767178e-16  -2.65412692e-16
   -6.59194921e-16   4.57966998e-16   4.19803081e-16   9.88792381e-17
   -2.62834186e-17  -1.18974863e-16  -1.06082226e-16  -4.14283278e-16
    7.33602558e-17   1.40588756e-16   5.47847814e-17   5.61746775e-17
   -1.14347448e-16   3.33066907e-16]
 [  5.14475549e+00  -2.65783542e+00   2.34745568e-01   5.39644508e-02
   -5.37398029e-02   2.64740693e-02   3.59824634e-02  -2.23405620e-02
    5.24660433e-02   6.02223928e-02   3.84719936e-02   2.77555756e-16
   -2.22044605e-16   2.49800181e-16   7.07767178e-16  -2.65412692e-16
   -6.59194921e-16   4.57966998e-16   4.19803081e-16   9.88792381e-17
   -2.62834186e-17  -1.18974863e-16  -1.06082226e-16  -4.14283278e-16
    7.33602558e-17   1.40588756e-16   5.47847814e-17   5.61746775e-17
   -1.14347448e-16   3.33066907e-16]
 [  5.14475549e+00  -2.65783542e+00   2.34745568e-01   5.39644508e-02
   -5.37398029e-02   2.64740693e-02   3.59824634e-02  -2.23405620e-02
    5.24660433e-02   6.02223928e-02   3.84719936e-02   2.77555756e-16
   -2.22044605e-16   2.49800181e-16   7.07767178e-16  -2.65412692e-16
   -6.59194921e-16   4.57966998e-16   4.19803081e-16   9.88792381e-17
   -2.62834186e-17  -1.18974863e-16  -1.06082226e-16  -4.14283278e-16
    7.33602558e-17   1.40588756e-16   5.47847814e-17   5.61746775e-17
   -1.14347448e-16   3.33066907e-16]
 [ -4.45379505e+00  -4.79761306e-01  -8.46586083e-01   4.19219890e-03
   -3.71082391e-01  -7.84848738e-02  -2.41694591e-01  -3.17313109e-02
    5.73652017e-02   7.55781026e-03  -6.29553765e-03  -1.62717062e-15
   -2.49800181e-16  -1.45716772e-16  -6.76542156e-16   4.26308294e-16
    2.23779328e-16  -3.33066907e-16  -8.23993651e-17   2.65629532e-17
   -6.68654999e-17   2.74585135e-16   1.46339172e-16   2.90619991e-16
   -5.66494905e-17  -5.53030657e-17   5.54276851e-17   7.62449156e-20
    2.21662517e-16   4.75314232e-16]
 [ -2.06424360e+00  -4.92207738e-01  -2.89266334e+00  -9.76737232e-01
    6.33808121e-01   1.38657405e-01   1.91565144e-01  -1.41471491e-02
   -6.03663405e-02   1.50515684e-02  -1.24890583e-03  -6.10622664e-16
    5.55111512e-17  -4.99600361e-16  -4.05925293e-16  -4.68375339e-16
    4.37150316e-16  -1.38777878e-16   2.77555756e-17   1.90819582e-17
   -5.08641416e-17   1.18629469e-16   3.60638180e-16   1.48976165e-16
   -1.53431658e-17  -1.61467448e-17   9.10112180e-19   8.24353550e-17
    1.15188576e-16  -5.55111512e-17]
 [ -2.06424360e+00  -4.92207738e-01  -2.89266334e+00  -9.76737232e-01
    6.33808121e-01   1.38657405e-01   1.91565144e-01  -1.41471491e-02
   -6.03663405e-02   1.50515684e-02  -1.24890583e-03  -6.10622664e-16
    5.55111512e-17  -4.99600361e-16  -4.05925293e-16  -4.68375339e-16
    4.37150316e-16  -1.38777878e-16   2.77555756e-17   1.90819582e-17
   -5.08641416e-17   1.18629469e-16   3.60638180e-16   1.48976165e-16
   -1.53431658e-17  -1.61467448e-17   9.10112180e-19   8.24353550e-17
    1.15188576e-16  -5.55111512e-17]
 [  4.58318470e+00   8.52705924e+00  -3.24759954e-01   1.21807755e-01
   -8.53539325e-02  -2.67263768e-03  -3.05197123e-03  -4.35435979e-03
    9.95976223e-03   8.54097775e-04   8.00859329e-04   4.44089210e-16
    1.55431223e-15   8.88178420e-16   1.22124533e-15   5.55111512e-17
   -4.44089210e-16  -5.55111512e-17  -2.77555756e-16  -2.15105711e-16
    2.15877898e-16  -2.24559586e-16  -1.68820964e-16  -5.03305617e-16
   -2.21103412e-16  -1.03193451e-17   5.96503931e-17   1.07241176e-16
   -2.03096157e-16  -1.99840144e-15]
 [  4.58318470e+00   8.52705924e+00  -3.24759954e-01   1.21807755e-01
   -8.53539325e-02  -2.67263768e-03  -3.05197123e-03  -4.35435979e-03
    9.95976223e-03   8.54097775e-04   8.00859329e-04   4.44089210e-16
    1.55431223e-15   8.88178420e-16   1.22124533e-15   5.55111512e-17
   -4.44089210e-16  -5.55111512e-17  -2.77555756e-16  -2.15105711e-16
    2.15877898e-16  -2.24559586e-16  -1.68820964e-16  -5.03305617e-16
   -2.21103412e-16  -1.03193451e-17   5.96503931e-17   1.07241176e-16
   -2.03096157e-16  -1.99840144e-15]
 [  4.58318470e+00   8.52705924e+00  -3.24759954e-01   1.21807755e-01
   -8.53539325e-02  -2.67263768e-03  -3.05197123e-03  -4.35435979e-03
    9.95976223e-03   8.54097775e-04   8.00859329e-04   4.44089210e-16
    1.55431223e-15   8.88178420e-16   1.22124533e-15   5.55111512e-17
   -4.44089210e-16  -5.55111512e-17  -2.77555756e-16  -2.15105711e-16
    2.15877898e-16  -2.24559586e-16  -1.68820964e-16  -5.03305617e-16
   -2.21103412e-16  -1.03193451e-17   5.96503931e-17   1.07241176e-16
   -2.03096157e-16  -1.99840144e-15]]
The fracs are 
[  6.19781324e-01   3.15454401e-01   4.30254533e-02   1.18665343e-02
   5.07816450e-03   3.00432221e-03   1.08786204e-03   3.51012695e-04
   2.63753158e-04   5.95907304e-05   2.75813597e-05   1.75522295e-32
   6.89032080e-33   6.89032080e-33   6.89032080e-33   6.89032080e-33
   6.89032080e-33   6.89032080e-33   6.89032080e-33   6.89032080e-33
   6.89032080e-33   6.89032080e-33   6.89032080e-33   6.89032080e-33
   6.89032080e-33   6.89032080e-33   6.89032080e-33   6.89032080e-33
   6.89032080e-33   1.83692862e-33]
